0.000000 26.000000
0.100000 25.060000
0.200000 25.120000
0.300000 23.180000
0.400000 26.240000
0.500000 23.300000
0.600000 21.360000
0.700000 26.420000
0.800000 24.480000
0.900000 24.540000
1.000000 28.600000
1.100000 29.660000
1.200000 25.720000
1.300000 22.780000
1.400000 25.840000
1.500000 27.900000
1.600000 22.960000
1.700000 28.020000
1.800000 27.080000
1.900000 28.140000
2.000000 29.200000
2.100000 30.260000
2.200000 24.320000
2.300000 22.380000
2.400000 26.440000
2.500000 27.500000
2.600000 26.560000
2.700000 23.620000
2.800000 26.680000
2.900000 25.740000
3.000000 26.800000
3.100000 24.860000
3.200000 26.920000
3.300000 22.980000
3.400000 29.040000
3.500000 27.100000
3.600000 27.160000
3.700000 25.220000
3.800000 23.280000
3.900000 27.340000
4.000000 30.400000
4.100000 24.460000
4.200000 23.520000
4.300000 28.580000
4.400000 23.640000
4.500000 27.700000
4.600000 24.760000
4.700000 29.820000
4.800000 26.880000
4.900000 23.940000
5.000000 28.000000
5.100000 25.060000
5.200000 29.120000
5.300000 30.180000
5.400000 30.240000
5.500000 27.300000
5.600000 28.360000
5.700000 27.420000
5.800000 32.480000
5.900000 24.540000
6.000000 24.600000
6.100000 30.660000
6.200000 29.720000
6.300000 28.780000
6.400000 30.840000
6.500000 29.900000
6.600000 31.960000
6.700000 29.020000
6.800000 26.080000
6.900000 33.140000
7.000000 28.200000
7.100000 25.260000
7.200000 33.320000
7.300000 26.380000
7.400000 29.440000
7.500000 25.500000
7.600000 26.560000
7.700000 29.620000
7.800000 28.680000
7.900000 29.740000
8.000000 32.800000
8.100000 26.860000
8.200000 29.920000
8.300000 29.980000
8.400000 26.040000
8.500000 26.100000
8.600000 31.160000
8.700000 31.220000
8.800000 30.280000
8.900000 31.340000
9.000000 29.400000
9.100000 33.460000
9.200000 32.520000
9.300000 29.580000
9.400000 30.640000
9.500000 32.700000
9.600000 33.760000
9.700000 27.820000
9.800000 31.880000
9.900000 26.940000
