100
26.000000
25.060000
25.120000
23.180000
26.240000
23.300000
21.360000
26.420000
24.480000
24.540000
28.600000
29.660000
25.720000
22.780000
25.840000
27.900000
22.960000
28.020000
27.080000
28.140000
29.200000
30.260000
24.320000
22.380000
26.440000
27.500000
26.560000
23.620000
26.680000
25.740000
26.800000
24.860000
26.920000
22.980000
29.040000
27.100000
27.160000
25.220000
23.280000
27.340000
30.400000
24.460000
23.520000
28.580000
23.640000
27.700000
24.760000
29.820000
26.880000
23.940000
28.000000
25.060000
29.120000
30.180000
30.240000
27.300000
28.360000
27.420000
32.480000
24.540000
24.600000
30.660000
29.720000
28.780000
30.840000
29.900000
31.960000
29.020000
26.080000
33.140000
28.200000
25.260000
33.320000
26.380000
29.440000
25.500000
26.560000
29.620000
28.680000
29.740000
32.800000
26.860000
29.920000
29.980000
26.040000
26.100000
31.160000
31.220000
30.280000
31.340000
29.400000
33.460000
32.520000
29.580000
30.640000
32.700000
33.760000
27.820000
31.880000
26.940000