1.839506 -0.085232
1.851852 -0.058392
1.864198 -0.031551
1.876543 -0.004710
1.888889 0.022131
1.901235 0.048971
1.913580 0.075812
1.925926 0.102653
1.938272 0.129494
1.950617 0.156334
1.962963 0.183175
1.975309 0.210016
1.987654 0.236857
2.000000 0.263697
2.012346 0.290538
2.024691 0.317379
2.037037 0.344219
2.049383 0.371060
2.061728 0.397901
2.074074 0.424742
2.086420 0.451582
2.098765 0.478423
2.111111 0.505264
2.123457 0.532105
2.135802 0.558945
2.148148 0.585786
2.160494 0.612627
2.172840 0.639468
2.185185 0.666308
2.197531 0.693149
